Merged/DEM_0.5_max_filtered_merged.asc
ncols 700
nrows 700
xllcorner 116549.99999999983
yllcorner 6164149.999999888
cellsize 0.5000000000021828
nodata_value -9999
[rows 56 to 83 of 700, columns 567 to 629 of 700]
4.600436468996932 4.577436468996936 4.539 4.275 4.668436468996937 4.415436468996937 4.672436468996935 4.627436468996933 4.655 4.042436468996932 2.597 2.596 2.573 2.5580000000000003 2.556 2.54 2.46 2.496 2.499 2.5220000000000002 2.565 2.559 3.9774364689969346 2.605 2.622 2.656 2.662 2.637 2.628 2.6270000000000002 2.578 2.57 2.6874364689969354 3.4372620116683237 3.470262011668325 3.3232620116683194 2.5580000000000003 2.587 2.587 2.611 2.623 2.6350000000000002 2.6510000000000002 2.666 3.132262011668324 2.704 2.678 31.646 32.07 31.963 33.907000000000004 33.913000000000004 33.934 33.914 33.915 33.901 33.887 33.89 33.28 33.455 33.598 33.851 34.047000000000004
4.817436468996938 4.521 4.399 4.219 4.450436468996934 4.323 4.2090000000000005 4.558436468996938 4.438436468996933 4.551 2.632 2.606 2.588 2.57 2.551 2.537 2.493 2.481 2.498 2.519 2.5380000000000003 2.557 2.578 2.604 2.634 2.642 2.657 2.648 2.615 2.616 2.607 2.56 2.559 3.331262011668322 3.34126201166832 3.3102620116683212 2.797262011668323 2.577 2.594 2.606 2.616 2.62 2.6510000000000002 2.674 2.688 2.681 2.734 26.281262011668318 30.251262011668317 31.720000000000002 33.877 33.88 33.893 33.866 33.77 32.614 32.756 32.975 33.178 33.377 33.611000000000004 33.768 -9999
4.507 4.362 4.517436468996934 4.426 4.592436468996937 4.6264364689969355 4.814436468996938 4.364 4.217436468996937 4.2514364689969355 3.969 2.612 2.583 2.573 2.569 2.561 2.52 2.461 2.498 2.521 2.544 2.568 2.587 2.611 2.614 2.6470000000000002 2.6510000000000002 2.6510000000000002 2.634 2.629 2.601 2.589 2.528 3.0762620116683195 3.2442620116683187 3.2482620116683236 3.220262011668325 2.561 2.588 2.606 2.615 2.6390000000000002 2.649 2.654 2.6830000000000003 2.693 2.69 2.7 31.233262011668316 3.1852620116683212 2.648262011668322 28.684 28.691 27.982 32.371 32.517 32.715 32.963 33.145 33.344 33.445 33.722 33.947
4.911436468996932 4.662 4.614436468996935 4.503 4.623436468996935 4.9914364689969375 4.789 4.545 4.526436468996934 4.308436468996938 2.62 2.606 2.594 2.576 2.563 2.559 2.551 2.471 2.508 2.5180000000000002 2.537 2.562 2.588 2.591 3.834436468996934 2.619 2.657 2.662 2.65 2.634 2.615 2.589 2.57 3.217262011668325 3.3232620116683194 3.324262011668324 3.291262011668323 2.583 2.592 2.599 2.63 2.637 2.642 2.657 2.673 2.678 2.695 2.713 2.723 2.728 2.709 28.675 28.872 28.027 32.208 32.514 32.644 32.879 33.094 33.271 33.502 33.624 33.866
4.773436468996934 4.788 4.671 4.522 4.501 4.883 4.739 4.485 4.987436468996933 3.935 2.616 2.607 2.586 2.583 2.582 2.566 3.9344364689969353 2.459 2.5020000000000002 2.503 2.528 2.569 2.584 3.8634364689969374 2.619 2.6310000000000002 2.6590000000000003 2.657 2.644 2.63 2.624 2.591 2.579 3.21926201166832 3.436262011668319 3.33526201166832 3.440262011668324 3.4572620116683197 2.606 2.618 2.612 2.624 2.642 2.65 2.682 2.686 2.711 2.692 2.703 2.725 2.728 27.19226201166832 28.75 27.982 28.401 32.509262011668326 32.631 32.85 33.031 33.252 33.44 33.668 33.827
4.517 4.5680000000000005 4.522 4.432 4.34 4.791 4.652 4.816436468996933 4.904436468996934 8.584436468996934 9.166 9.269 12.469 2.585 2.574 2.574 2.5540000000000003 2.517 2.491 3.705436468996936 2.537 2.533 2.579 2.585 2.615 2.638 2.6630000000000003 2.658 2.6430000000000002 2.641 2.6310000000000002 2.607 2.59 2.571 3.6432620116683196 3.7382620116683185 3.7342620116683207 3.6532620116683248 2.601 2.6 2.616 2.624 2.632 2.634 2.664 2.677 2.697 2.6870000000000003 2.715 2.734 2.73 6.263 28.667 27.984 32.224000000000004 32.298 32.552 32.76 32.972 33.211 33.410000000000004 33.58 33.765
4.596 4.488 4.4030000000000005 4.4110000000000005 4.314 6.243436468996933 6.228436468996932 6.0920000000000005 9.312 9.550436468996935 12.843 12.554 12.534 9.667 9.641 9.286436468996932 2.564 2.527 3.7044364689969385 2.519 3.756436468996938 2.552 2.572 2.59 2.617 2.6310000000000002 2.657 2.6670000000000003 2.656 2.641 2.618 2.597 2.596 2.569 3.746262011668321 3.7692620116683244 3.763262011668324 3.7282620116683205 2.598 2.611 2.602 2.626 2.642 2.636 2.6670000000000003 2.6870000000000003 2.694 2.705 2.72 2.744 2.754 2.7560000000000002 28.68 28.844 27.968 32.376 32.498 32.729 32.909 33.146 33.326 33.592 33.735
4.453 4.502 4.406 5.804 8.828436468996934 9.026 6.516436468996936 6.420436468996932 9.319 14.313 13.162 12.963000000000001 13.077 12.75 12.747 9.419 2.578 2.57 2.47 2.515 2.5260000000000002 2.556 2.575 2.583 2.609 2.6430000000000002 2.641 2.6710000000000003 2.66 2.6470000000000002 2.625 2.6310000000000002 2.605 2.581 3.558262011668319 3.78326201166832 3.7782620116683248 3.7212620116683226 3.0902620116683224 2.615 2.619 2.619 2.63 2.638 2.634 2.6750000000000003 2.696 2.725 2.726 2.75 2.783 2.83 28.649 28.743000000000002 28.419 -9999 32.537 32.632 32.884 33.09 33.268 33.462 33.685
7.9 4.575436468996934 6.162436468996937 9.195436468996938 9.326436468996938 9.569436468996933 12.415436468996937 11.747 14.375 14.403 14.489 13.095 13.097 13.056000000000001 13.201 13.221 11.443436468996936 10.722 10.681436468996935 2.503 2.7654364689969384 2.545 2.552 2.58 2.605 2.614 2.642 2.6590000000000003 2.6630000000000003 2.661 2.654 2.642 2.604 2.596 3.442262011668319 3.78026201166832 3.7792620116683224 3.7352620116683184 2.586 2.611 2.61 2.62 2.636 2.641 2.646 2.6750000000000003 2.699 3.014262011668322 2.919262011668323 2.849 2.843 2.835 28.077262011668324 28.675 28.567 32.224000000000004 32.193 32.653 32.805 32.88 33.241 33.455 33.602000000000004
8.333436468996936 8.183 12.004 11.864 12.594 12.361 13.688436468996933 14.806000000000001 14.926 14.684436468996935 14.552 14.237 13.327 13.456 13.739 13.303 13.349 12.189 10.865 10.567 3.6734364689969325 3.652436468996939 3.0344364689969368 2.572 2.593 2.616 2.62 2.6550000000000002 2.6830000000000003 2.67 2.648 2.633 2.616 2.609 3.196262011668324 3.7182620116683225 3.7312620116683206 3.693262011668324 2.5460000000000003 2.621 2.617 2.622 2.641 2.644 2.6430000000000002 2.664 3.52726201166832 3.628262011668319 3.605262011668323 2.987262011668321 2.858 2.855 19.580000000000002 28.687 28.841 27.973 32.374 32.499 32.811 32.963 33.062 33.399 33.623
8.385436468996936 8.524436468996939 9.314 12.366 12.304 12.581 14.436436468996938 14.799 14.972 14.802 14.416 14.806000000000001 14.843 14.648 15.521 15.457 14.424 13.678 13.642 10.453 3.769436468996936 3.715436468996934 3.296436468996937 2.592 2.592 2.62 2.6430000000000002 2.649 2.6750000000000003 2.678 2.66 3.7784364689969365 2.632 2.595 2.587 3.392262011668322 3.415262011668318 3.3932620116683196 2.516 2.609 2.6270000000000002 2.61 2.646 2.66 2.65 3.537262011668318 3.612262011668321 3.6682620116683182 3.7072620116683197 2.842 2.853 2.857 2.858 28.672 28.816 27.968 32.336 32.517 32.626 32.984 33.135 33.244 33.49
8.460436468996939 8.755436468996933 11.57 11.901 14.131436468996938 13.006 13.800436468996935 14.942 15.099436468996934 15.950000000000001 15.941 14.724436468996934 14.789 14.792 15.491 15.371 14.555 13.979000000000001 13.646 10.831 10.297436468996935 3.7784364689969365 3.6844364689969353 2.583 2.606 2.626 2.648 2.6550000000000002 2.6670000000000003 2.6750000000000003 2.6670000000000003 2.652 2.625 2.618 2.595 2.581 2.569 2.547 2.5340000000000003 2.58 2.618 2.621 2.632 2.65 2.6550000000000002 2.661 3.209262011668322 3.4130000000000003 3.068262011668324 2.844 2.872 2.857 2.871 28.665 29.283 29.655 32.26 32.487 32.69 32.821 -9999 33.288000000000004 33.442
8.326 8.436436468996938 11.912 11.865 14.261000000000001 14.389000000000001 13.882436468996936 15.383436468996933 15.599436468996934 15.763 15.909 15.927 14.382436468996936 15.037 15.450000000000001 14.987 14.537 14.809000000000001 13.172 12.162 10.452 3.7814364689969366 3.7044364689969385 2.591 2.605 2.618 2.648 2.64 2.664 2.68 2.645 2.6510000000000002 2.64 2.601 2.605 2.598 2.568 2.563 2.5380000000000003 2.586 2.602 2.614 2.633 2.657 2.626 2.666 3.2352620116683184 3.013262011668324 3.5092620116683193 2.826 2.856 2.878 2.884 28.49026201166832 28.809 27.972 32.248 32.491 32.621 32.842 33.01 -9999 33.477000000000004
8.312 11.806000000000001 14.238436468996937 14.392 14.186 14.156 13.821 15.484436468996932 15.643 15.34 15.315 15.336 15.185 15.078000000000001 15.112 14.999 14.959 14.786 12.462 12.204 12.000436468996938 3.6914364689969332 3.627436468996933 3.3014364689969327 2.615 2.617 2.64 2.662 2.677 2.677 2.672 2.63 2.638 2.632 2.572 2.597 2.950262011668322 3.017262011668322 2.9472620116683217 2.539 2.612 2.609 2.626 2.646 2.6470000000000002 2.63 2.686 3.436262011668319 3.7182620116683225 2.828 2.843 2.871 2.868 2.833 28.699 28.959 32.243 32.371 32.606 32.65 32.987 33.192 33.206
8.102436468996935 13.067 13.445 13.836 14.174 14.082 13.873000000000001 12.872 15.358436468996935 15.491 15.105 15.713000000000001 15.604000000000001 15.108 15.030000000000001 14.781 14.456 13.755 13.288 12.46 12.093 3.3294364689969385 3.4004364689969364 3.246436468996933 2.59 2.634 2.645 2.657 2.682 2.669 2.67 2.6510000000000002 2.649 2.632 2.62 2.595 3.061262011668319 2.7342620116683207 3.199262011668324 2.537 2.608 2.612 2.623 2.616 2.6550000000000002 2.664 2.881262011668319 3.409262011668325 2.9992620116683213 3.722 2.847 2.836 2.825 2.831 28.675 28.757 27.98 32.304 32.515 32.709 32.84 33.146 33.345
11.85 13.032 13.106 13.937000000000001 14.063 13.525 13.494 13.455 11.093436468996934 15.812000000000001 15.734436468996932 15.913 15.635436468996936 15.414 14.794 14.843 13.962 14.012 13.18 12.248000000000001 12.040000000000001 11.659 3.2954364689969324 3.199436468996936 2.597 2.617 2.646 2.641 2.661 2.694 2.688 2.6710000000000003 2.654 2.614 2.619 2.61 3.1362620116683217 3.301262011668321 3.311262011668319 3.256262011668319 2.602 2.616 2.63 2.65 2.6550000000000002 2.645 2.677 2.804262011668321 3.477262011668323 3.697 2.803 2.833 25.554000000000002 25.772000000000002 28.681 28.740000000000002 27.969 32.273 32.481 32.673 32.905 33.023 33.3
12.243 12.866 13.370000000000001 13.86 13.883000000000001 13.503 13.318 13.301 15.05 15.15 15.666 15.02 14.983 14.884 15.086 14.846 14.775 14.201 13.030436468996939 14.11 12.138 11.753 3.0424364689969323 2.9304364689969375 2.595 2.624 2.629 2.653 2.6630000000000003 2.685 2.692 2.68 2.65 2.644 2.6270000000000002 2.605 2.602 3.52726201166832 3.2142620116683247 2.8022620116683186 3.439262011668319 2.615 2.624 2.649 2.65 2.656 2.66 3.1372620116683194 3.564262011668319 3.5092620116683193 2.831 25.618000000000002 25.742 25.778000000000002 28.08826201166832 28.846 28.947 32.247 32.477000000000004 32.611000000000004 32.793 33.06 33.198
12.200000000000001 12.930436468996938 13.288 13.443 13.489 13.429 13.183436468996938 13.065 13.17 15.129 14.765 14.738 15.528 15.101 14.897 14.751 14.263 14.071 14.107000000000001 14.141 14.129 10.199 2.57 2.576 2.601 2.612 2.636 2.6350000000000002 2.661 2.674 2.693 2.6870000000000003 2.678 2.632 2.641 2.624 2.603 3.6362620116683217 3.7052620116683244 3.6842620116683236 3.256262011668319 2.624 2.632 2.629 2.648 2.66 2.677 2.770262011668322 3.5362620116683203 3.469 4.602 25.723 25.344 25.295 28.458000000000002 28.657 27.968 32.201 32.419000000000004 32.57 32.782000000000004 32.965 33.165
12.247 12.981 13.028 12.945 13.303 13.393 12.954 12.991 10.053436468996935 15.108 15.746436468996933 15.719436468996939 14.533 14.07 15.251 15.183 15.257436468996936 14.573 14.737 14.199 12.02 2.58 2.56 2.583 2.613 2.609 2.6350000000000002 2.6550000000000002 2.6590000000000003 2.678 2.694 2.691 2.668 2.668 2.6430000000000002 2.636 2.607 3.294262011668323 3.7412620116683186 3.760262011668324 2.898262011668322 2.617 2.637 2.6430000000000002 2.664 2.66 2.6710000000000003 2.681 3.3850000000000002 3.517262011668322 3.584 24.668262011668318 25.39 24.736 24.709 28.683 28.876 27.955000000000002 32.307 32.533 32.725 32.944 33.148
12.251 12.343436468996934 13.059000000000001 12.518436468996939 12.949 12.531 12.1 8.757436468996936 15.023 14.853 15.833436468996936 15.882 16.026436468996934 14.61 15.236 15.593 15.758000000000001 15.237 15.149000000000001 14.935 14.337436468996934 9.948436468996938 2.5580000000000003 2.59 2.587 2.612 2.633 2.646 2.6630000000000003 2.674 2.694 2.694 2.68 2.662 2.649 2.642 2.613 3.3332620116683245 3.6912620116683215 3.6882620116683213 3.554262011668321 2.593 2.623 2.634 2.649 2.661 2.669 2.688 3.236262011668323 3.483 3.865 25.617 26.57226201166833 24.735 27.892 27.914 28.935000000000002 27.989 32.215 32.516 32.695 32.868 33.123
8.502 8.493 8.599 12.39 12.447000000000001 11.881 12.338000000000001 12.861 15.081 15.262436468996938 15.138436468996936 15.464 15.508000000000001 15.064 15.721 15.734 15.577 15.49 15.042 11.671 11.56 10.189 2.553 2.586 2.606 2.61 2.642 2.645 2.6510000000000002 2.6870000000000003 2.6790000000000003 2.69 2.69 2.6790000000000003 2.6430000000000002 2.6510000000000002 2.632 3.023262011668322 3.557262011668321 3.432262011668321 3.152 3.3302620116683244 2.62 2.633 2.653 2.658 2.6630000000000003 2.674 3.21026201166832 3.333 2.753 24.96926201166832 25.986 27.883 27.934 27.927 28.66 27.976 32.237 32.483000000000004 32.628 32.859 33.028
6.922 4.781 6.703 8.346 12.294 12.535436468996934 12.806000000000001 13.606436468996932 14.675436468996935 14.963000000000001 15.179 15.873436468996935 15.794436468996935 15.472 15.431000000000001 15.454 15.93 16.08543646899694 15.943 11.494 11.277436468996939 10.195 2.562 2.568 2.601 2.62 2.625 2.636 2.661 2.664 2.689 2.7 2.686 2.664 2.674 2.632 2.642 2.625 3.444 3.475 3.457 3.326 2.622 2.611 2.64 2.6670000000000003 2.658 2.6790000000000003 2.694 2.833 3.747 26.048262011668328 25.95026201166833 27.913 27.917 27.934 28.684 28.842000000000002 32.225 32.478 32.522 32.797000000000004 33.014
6.6370000000000005 6.675436468996935 8.375 8.465 8.412 12.709 12.947000000000001 13.516 14.501 14.72 15.530436468996939 15.811436468996938 15.49 15.232000000000001 15.603 15.688 15.782436468996934 15.623000000000001 15.466436468996939 11.389000000000001 10.696 10.571436468996936 10.311436468996938 2.579 2.586 2.603 2.6270000000000002 2.622 2.645 2.67 2.6870000000000003 2.698 2.692 2.672 2.674 2.661 2.653 2.641 3.488 3.531 3.611 3.622 2.616 2.624 2.64 2.6510000000000002 2.662 2.6630000000000003 3.158 3.4782620116683205 3.2612620116683217 2.82 2.797 27.901 27.911 27.915 28.664 28.779 27.977 32.377 32.55 32.706 32.918
6.815 6.736 6.699 8.549 6.49 12.372436468996938 12.864 13.498000000000001 13.551 13.953 14.273 14.14 14.886000000000001 14.903 15.920436468996932 15.796436468996937 15.450000000000001 15.672 11.725 11.454 10.582 10.537 10.328436468996934 2.566 2.599 2.613 2.604 2.652 2.645 2.6630000000000003 2.701 2.695 2.696 2.691 2.668 2.6550000000000002 2.6510000000000002 2.621 3.544 3.81 3.859 3.8890000000000002 3.399 2.626 2.6390000000000002 2.65 2.657 2.668 2.664 2.9142620116683204 3.5052620116683215 3.6612620116683203 2.819 2.819 27.906 27.928 28.111 28.724 27.974 32.242 32.514 32.713 32.857
4.346436468996934 6.511 6.2170000000000005 6.3580000000000005 6.3020000000000005 3.9844364689969325 12.467 12.634 14.067 14.086 14.093 14.366 14.612436468996933 14.846 15.059000000000001 14.297436468996935 15.533 12.040000000000001 11.571 11.449436468996936 10.476 2.577 10.295 2.578 2.58 2.613 2.618 2.638 2.65 2.668 2.678 2.706 2.703 2.681 2.678 2.6790000000000003 2.65 2.632 2.614 3.984 4.029 4.024 3.773 2.6310000000000002 2.628 2.657 2.662 2.656 2.6590000000000003 3.52426201166832 3.46926201166832 3.3292620116683196 2.806 2.821 2.833 27.925 27.957 28.706 28.78 32.28 32.60326201166832 32.63 32.881
3.891 4.418 6.217436468996937 6.1804364689969375 6.151 2.7800000000000002 11.757 12.717 12.75 13.879 14.173 14.21 14.366 14.308 13.054 13.398 12.27 11.972 11.433 11.341000000000001 9.873 2.618 2.545 2.57 2.591 2.596 2.623 2.628 2.64 2.664 2.69 2.688 2.696 2.699 2.6590000000000003 2.662 2.658 2.632 3.8532620116683205 3.904 4.069 4.063 4.048 2.648 2.636 2.645 2.656 2.6590000000000003 2.662 3.4652620116683224 3.5162620116683243 2.746 2.7640000000000002 2.827 3.58526201166832 27.902 27.909 28.684 28.832 27.974 32.414 32.571 32.762
2.8850000000000002 2.841 2.824 2.8040000000000003 2.789 2.8080000000000003 12.132 12.687 12.628 12.639000000000001 13.551436468996933 14.035 13.55 13.326 13.321 13.294 13.42 11.931000000000001 10.21 11.267 2.601 2.57 2.551 2.563 2.584 2.608 2.614 2.629 2.664 2.638 2.676 2.717 2.7 2.698 2.677 2.6630000000000003 2.65 2.649 2.632 4.046 4.0600000000000005 4.054 4.048 2.617 2.633 2.637 2.641 2.668 2.674 2.684 2.727 2.754 2.7800000000000002 2.898262011668322 3.770262011668322 2.8000000000000003 27.923000000000002 28.667 28.72 27.976 32.276 32.565 32.708
2.868 2.854 2.844 2.829 2.824 2.81 12.084 12.549 12.641 13.105 13.121 13.57 13.604000000000001 13.003 13.213000000000001 13.478 13.569 13.576 2.624 2.621 2.605 2.605 2.588 2.56 11.362 2.597 2.632 2.638 2.652 2.66 2.6870000000000003 2.677 2.7 2.6830000000000003 2.6870000000000003 2.666 2.666 2.6470000000000002 2.6390000000000002 3.555 4.026 4.016 3.919 3.624 2.632 2.642 2.656 2.653 2.666 2.685 2.706 3.3642620116683233 2.801 3.5502620116683232 2.9330000000000003 2.918 2.964 28.69 28.779 27.957 32.259 32.479 32.742
