Merged/DEM_0.5_max_filtered_merged.asc
ncols 700
nrows 700
xllcorner 116549.99999999983
yllcorner 6164149.999999888
cellsize 0.5000000000021828
nodata_value -9999
[rows 392 to 419 of 700, columns 315 to 377 of 700]
3.7110000000000003 3.705 3.6790000000000003 3.669 3.656 3.613 3.629 3.5820000000000003 3.591 3.597 3.6 3.616 3.615 3.626 3.616 3.6270000000000002 3.614 3.613 3.626 3.623 3.622 3.624 3.626 3.622 3.621 3.6270000000000002 3.61 3.615 3.602 3.612 3.586 3.595 3.592 3.584 4.081317660248409 4.961317660248412 5.010317660248411 5.022317660248412 5.021317660248407 4.997317660248406 4.92531766024841 3.528 4.42531766024841 3.537 3.557 3.572 3.59 3.577 3.569 3.583 4.470317660248405 4.816317660248409 3.62 3.61 3.604 3.597 3.59 3.598 3.602 3.602 3.765 3.736 3.8073176602484082
3.688 3.6830000000000003 3.6590000000000003 3.624 3.587 3.607 3.440317660248411 3.604 3.61 3.613 3.612 3.64 3.628 3.634 3.641 3.626 3.633 3.6430000000000002 3.623 3.6310000000000002 3.621 3.625 3.6350000000000002 3.618 3.6270000000000002 3.61 3.607 3.61 3.596 3.592 3.59 3.608 3.597 3.5820000000000003 3.58 4.729317660248405 4.999317660248408 5.005317660248409 5.022317660248412 4.48031766024841 3.5060000000000002 3.555 3.601 3.602 3.611 3.605 3.596 3.598 4.427317660248406 4.838317660248407 4.995317660248411 4.674317660248406 3.616 3.615 3.587 3.592 3.587 3.59 3.597 3.583 4.408 3.726 3.532
3.67 3.654 3.619 3.617 3.626 3.6350000000000002 3.634 3.634 3.64 3.64 3.6310000000000002 3.634 3.641 3.644 3.641 3.646 3.64 3.642 3.636 3.637 3.646 3.615 3.628 3.63 3.609 3.617 3.616 3.607 3.59 3.608 3.588 3.585 3.583 3.565 3.561 4.2693176602484115 3.5540000000000003 3.549 3.525 3.602 3.619 3.619 3.604 3.637 3.619 3.6270000000000002 5.115317660248408 4.34331766024841 4.940317660248411 3.602 3.601 3.616 3.618 3.602 3.592 3.8163176602484086 3.7 3.7863176602484074 3.517 3.489 3.6590000000000003 3.615 3.6503176602484118
3.629 3.628 3.637 3.65 3.641 3.64 3.634 3.637 3.65 3.636 3.6470000000000002 3.644 3.64 3.652 3.6510000000000002 3.65 3.658 3.648 3.652 3.638 3.633 3.626 3.621 3.609 3.605 3.61 3.606 3.601 3.592 3.58 3.5780000000000003 3.567 3.56 3.5620000000000003 3.543 3.543 3.588 3.607 3.637 3.6390000000000002 3.624 3.634 3.63 4.874317660248408 4.829317660248407 3.625 3.628 3.63 3.629 3.615 3.601 3.593 3.615 3.704 3.728 3.725 3.596 3.644 3.548 3.376 3.621 3.639317660248409 3.4450000000000003
3.65 3.649 3.661 3.661 3.6630000000000003 3.665 3.669 3.656 3.6550000000000002 3.657 3.64 3.67 3.658 3.641 3.6550000000000002 3.653 3.642 3.652 3.6390000000000002 3.625 3.625 3.618 3.609 3.6 3.595 3.601 3.596 3.589 3.581 3.583 3.561 3.568 3.547 3.532 3.602 3.602 3.637 3.648 3.6390000000000002 3.6390000000000002 3.638 5.0193176602484115 3.646 3.642 3.629 3.64 3.637 3.614 3.621 3.613 3.818317660248411 3.8333176602484116 3.6990000000000003 4.148 4.739 3.6113176602484103 3.516 3.561 3.3970000000000002 3.2880000000000003 3.229 3.533 3.46
3.642 3.677 3.684 3.67 3.674 3.67 3.669 3.674 3.6630000000000003 3.6630000000000003 3.66 3.649 3.67 3.658 3.6430000000000002 3.6430000000000002 3.641 3.622 3.632 3.621 3.621 3.616 3.601 3.604 3.592 3.581 3.59 3.5780000000000003 3.543 3.557 3.553 3.56 3.586 3.62 3.6390000000000002 3.644 3.656 3.654 3.644 3.657 3.658 3.656 3.6470000000000002 3.649 3.641 3.646 3.6470000000000002 3.6350000000000002 3.8193176602484087 3.7640000000000002 3.723 3.6433176602484068 3.603 4.661317660248407 4.783317660248407 4.305 3.501317660248411 3.571 3.5180000000000002 3.146 3.142 3.477 3.367
3.693 3.6710000000000003 3.676 3.681 3.682 3.673 3.677 3.678 3.67 3.6790000000000003 3.6710000000000003 3.664 3.6390000000000002 3.6430000000000002 3.645 3.6310000000000002 3.637 3.626 3.622 3.612 3.608 3.603 3.592 3.5820000000000003 3.587 3.5820000000000003 3.565 3.563 3.556 3.572 3.606 3.6270000000000002 3.622 3.6430000000000002 3.6590000000000003 3.641 3.658 3.646 4.960317660248407 3.6550000000000002 3.668 3.652 3.648 3.666 3.653 3.872317660248406 3.8713176602484083 3.8473176602484074 3.8843176602484064 3.7093176602484093 3.8243176602484112 3.5820000000000003 3.5380000000000003 4.78831766024841 4.747 3.475 3.5233176602484093 3.5100000000000002 3.448 3.068 2.989 3.44 3.419
3.6990000000000003 3.694 3.689 3.68 3.694 3.6750000000000003 3.6790000000000003 3.6870000000000003 3.672 3.681 3.658 3.65 3.641 3.633 3.644 3.634 3.633 3.63 3.62 3.604 3.591 3.59 3.584 3.585 3.5740000000000003 3.5660000000000003 3.577 3.594 3.621 3.646 3.6430000000000002 3.644 3.649 3.653 3.66 3.662 3.6670000000000003 3.6510000000000002 3.656 3.6350000000000002 3.653 4.728 4.735 4.74 3.806 3.8803176602484086 3.7093176602484093 3.688 3.598 3.751317660248411 3.8303176602484115 3.615 3.544 3.516 4.402 3.4450000000000003 3.437317660248411 3.4090000000000003 3.394 2.927 2.9010000000000002 3.1573176602484097 3.395
3.71 3.6870000000000003 3.702 3.6990000000000003 3.686 3.686 3.698 3.672 3.6670000000000003 3.65 3.656 3.64 3.637 3.6390000000000002 3.628 3.63 3.63 3.609 3.597 3.598 3.588 3.58 3.588 3.572 3.565 3.62 3.612 3.65 3.645 5.052573804494642 3.658 3.662 3.653 3.6710000000000003 3.664 3.6470000000000002 3.668 3.6790000000000003 3.665 3.833573804494641 3.8000000000000003 3.795 3.684 3.7405738044946446 3.722 3.662 3.634 3.9135738044946393 3.785573804494639 3.637 3.596 3.626 3.626 3.618 3.631573804494643 3.569 3.552 3.427 3.4 3.245 2.77 3.168 3.228
3.6990000000000003 3.698 3.694 3.701 3.696 3.67 3.67 3.661 3.668 3.657 3.652 3.637 3.642 3.625 3.626 3.611 3.572 3.597 3.595 3.5620000000000003 3.571 3.571 3.602 3.633 3.637 3.6470000000000002 3.6590000000000003 3.6630000000000003 3.6710000000000003 3.676 3.654 3.674 3.67 3.658 3.694 3.682 3.681 3.787 3.8495738044946393 3.769 3.698 3.884573804494643 3.681 3.694 3.793 3.7070000000000003 3.823573804494643 3.8755738044946426 3.696 3.816573804494645 3.689 3.7035738044946456 3.6950000000000003 3.725 3.7070000000000003 3.563 4.054 4.057573804494645 3.193 3.207 2.699 2.625 3.1750000000000003
3.712 3.7110000000000003 3.693 3.67 3.685 3.685 3.6630000000000003 3.657 3.656 3.644 3.648 3.636 3.637 3.616 3.606 3.595 3.6 3.3955738044946457 3.573 3.591 3.606 3.638 3.633 3.65 3.653 3.669 3.658 3.681 3.673 3.69 3.696 3.698 3.688 3.698 4.3995738044946435 3.702 3.718 3.794 3.9 3.8015738044946445 4.091573804494644 3.8385738044946436 3.8625738044946445 3.8075738044946448 3.894573804494641 3.7920000000000003 3.769573804494641 3.9435738044946405 3.917573804494644 3.843 3.864 3.719 3.73 3.696 3.196 4.016 3.898 4.247 4.134 3.18 2.549 2.517 2.92857380449464
3.713 3.7030000000000003 3.697 3.6910000000000003 3.662 3.676 3.669 3.649 3.641 3.63 3.632 3.609 3.61 3.604 3.605 3.58 3.588 3.611 3.626 3.64 3.641 3.629 3.657 3.654 3.65 3.693 3.685 3.7030000000000003 3.7030000000000003 3.696 3.7110000000000003 3.712 3.6870000000000003 3.7 3.716 3.723 3.74 3.773 3.898 3.853573804494644 3.894573804494641 6.338573804494644 6.457 6.409 3.766573804494641 3.8325738044946434 3.786573804494644 3.9395738044946427 3.87 3.863 3.868 3.6750000000000003 3.14 3.168 3.161 3.173 3.221 4.279 3.1470000000000002 3.1710000000000003 3.112 2.435 3.142
3.7030000000000003 3.697 3.6790000000000003 3.688 3.6750000000000003 3.664 3.662 3.646 3.636 3.612 3.607 3.604 3.583 3.586 3.602 3.622 3.628 3.6350000000000002 3.649 3.646 3.644 3.661 3.672 3.669 3.68 3.686 3.701 3.7070000000000003 3.696 3.698 4.9030000000000005 4.862 3.721 3.741 3.749 3.765 3.7840000000000003 3.787 3.8970000000000002 3.836573804494641 4.789 6.74857380449464 6.814573804494643 6.605 4.027573804494644 3.894573804494641 3.982573804494642 3.993 4.010573804494641 3.922 3.126 3.161 3.218 3.164 3.164 3.181 3.248 3.3225738044946453 3.165 3.1430000000000002 3.1630000000000003 2.287 2.31
3.694 3.684 3.6710000000000003 3.673 3.666 3.648 3.626 3.634 3.6270000000000002 3.621 3.577 3.593 3.621 3.623 3.626 3.636 3.64 3.648 3.669 3.672 3.6750000000000003 3.678 3.6950000000000003 3.692 3.688 3.697 3.694 3.69 3.681 3.649 4.808 4.877 3.741 3.789 3.775 3.7800000000000002 3.807 3.805 3.9605738044946435 3.92857380449464 3.9875738044946445 6.8895738044946455 6.839 6.884 3.8695738044946424 3.971573804494639 3.9295738044946447 4.034 3.8810000000000002 4.094 4.082573804494643 3.128 3.148 22.201 22.122 3.1950000000000003 3.241 3.5245738044946435 3.1935738044946405 3.188 24.052 23.976 24.047
4.822 4.704 4.588 3.664 3.642 3.63 3.626 3.602 3.584 3.623 3.646 3.621 3.6430000000000002 3.65 3.648 3.661 3.665 3.677 3.684 3.674 3.7 3.702 3.696 3.701 3.697 3.678 3.6630000000000003 3.646 3.637 3.616 3.741 4.732 4.883 3.809 3.8280000000000003 3.838 3.834 3.859 3.875 3.811 3.822 3.8885738044946407 3.873 6.852 4.214573804494641 3.9265738044946445 4.029 3.906 4.261 3.126 21.808573804494642 22.338 22.381 22.341 22.331 22.227 3.1710000000000003 24.057000000000002 24.049 24.055 24.075 24.080000000000002 24.074
4.945 4.776 4.659 4.425 3.637 3.612 3.594 3.6430000000000002 3.6390000000000002 3.63 3.6550000000000002 3.6510000000000002 3.657 3.665 3.684 3.678 3.697 3.7070000000000003 3.721 3.713 3.712 3.72 4.763 4.519573804494641 3.662 3.646 3.619 3.619 3.596 3.576 3.766 3.93157380449464 4.979 3.852 3.854 3.882 3.896 3.8770000000000002 3.9050000000000002 4.008573804494645 4.0345738044946415 3.8360000000000003 3.9170000000000003 4.035573804494639 3.96 4.0040000000000004 4.175 3.868 3.214 22.206 22.339000000000002 22.317 22.356 22.156 22.138 24.093 24.096 24.067 24.099 24.097 24.095 24.097 24.446
5.206 4.863 4.686 4.362 3.641 3.665 3.657 3.664 3.662 3.666 3.502573804494645 3.69 3.6790000000000003 3.69 3.6990000000000003 3.713 3.719 3.717 3.71 3.704 4.258573804494645 4.384573804494643 4.838 4.958 3.609 3.616 3.59 3.556 3.565 3.5460000000000003 3.536 3.806 4.863 3.876 3.9 3.911 3.927 3.9010000000000002 3.9010000000000002 4.05957380449464 3.869 3.9375738044946402 3.9410000000000003 4.128573804494643 4.17857380449464 4.06557380449464 4.205 3.215 3.236 3.286 22.327 21.285 21.248 24.017 24.051000000000002 24.084 24.099 24.095 24.097 25.332 25.289 25.281 25.332
5.203 4.915 4.671 3.676 3.677 3.673 3.6750000000000003 3.689 3.682 3.6870000000000003 3.692 3.686 3.706 3.701 3.72 3.731 3.72 3.702 4.194573804494645 4.441573804494645 4.444573804494645 4.402573804494644 3.704 4.9670000000000005 3.587 3.5500000000000003 3.547 3.532 3.5140000000000002 3.508 3.499 3.841 4.988 4.998 3.904 3.926 3.932 3.9370000000000003 3.942 3.944 4.164573804494644 4.045573804494644 4.161573804494644 4.118573804494645 4.145573804494646 3.985 4.1690000000000005 3.226 3.201 24.006 24.025000000000002 24.053 24.082 24.082 24.081 25.286 25.299 25.294 25.32 25.173000000000002 25.256 24.609 24.521
5.078 4.759 3.685 3.6950000000000003 3.696 3.693 3.69 3.706 3.705 3.71 3.718 3.715 3.718 3.723 3.724 3.979573804494642 3.715 3.717 4.374573804494645 4.564573804494643 4.647573804494641 4.590573804494639 4.403573804494641 4.761573804494645 3.5620000000000003 3.529 3.503 3.497 3.48 3.459 3.455 3.797 4.976 5.0360000000000005 3.934 3.946 3.952 3.967 3.958 3.996 3.988 3.927 3.985 4.180573804494642 4.227573804494639 24.04 24.009 24.058 24.087 24.087 25.054000000000002 25.321 25.3 25.321 25.3 25.299 25.284 24.248 24.236 24.267 24.236 24.251 24.264
3.701 3.694 3.702 3.698 3.702 3.719 3.718 3.713 3.708 3.727 3.721 3.736 3.729 3.938573804494645 3.9295738044946447 3.714 3.71 3.709 4.457573804494643 4.755573804494645 4.924573804494642 5.033573804494644 4.73657380449464 4.934 4.934 3.49 3.486 3.44 3.431 3.4330000000000003 3.424 3.596 3.846 5.059 3.951 3.975 3.986 3.987 3.984 4.003 4.16 3.952 3.952 24.026 24.07 24.039 24.87857380449465 25.19 25.289 25.318 25.288 25.304000000000002 24.248 24.25 24.256 24.253 24.246000000000002 24.252 24.25 24.222 24.26 24.252 24.245
3.713 3.706 3.718 3.727 3.71 3.725 3.743 3.733 3.746 3.735 3.738 3.717 3.718 3.712 3.717 3.702 3.718 3.71 4.572573804494645 5.121573804494645 5.130573804494645 5.196573804494641 5.212573804494646 3.721 4.9190000000000005 3.464 3.426 3.4290000000000003 3.398 3.391 3.395 3.387 3.862 5.105 4.922 3.994 4.019 4.022 4.015 4.034 4.018 3.964 4.447573804494645 23.962 24.096 24.093 25.329 25.306 25.316 24.253 24.262 24.26 24.254 24.261 24.255 24.248 24.257 24.248 24.251 24.251 24.25 26.79 27.299
3.728 3.735 3.718 3.736 3.749 3.744 3.743 3.757 4.382 3.738 3.717 3.713 3.694 3.702 3.719 3.723 3.708 3.712 3.709 4.593573804494639 3.715 5.25457380449464 5.23657380449464 3.754 4.938 3.41 3.416 3.376 3.372 3.373 3.357 3.365 3.781 5.081 5.107 4.022 4.0200000000000005 4.0360000000000005 4.0360000000000005 4.048 4.213 4.027 4.698573804494643 23.974 24.062 24.092 25.279 24.237000000000002 24.259 24.26 24.258 24.258 24.263 24.267 24.257 24.26 24.246000000000002 26.975 27.038 27.242 27.299 27.318 29.493000000000002
3.570573804494643 3.7520000000000002 3.744 3.751 4.610573804494642 3.747 3.74 3.735 3.7520000000000002 3.744 3.741 3.723 3.702 3.7030000000000003 3.708 3.709 3.722 3.7110000000000003 3.723 5.1595738044946415 5.082573804494643 5.277573804494644 5.002573804494645 4.99257380449464 4.9270000000000005 4.831 3.357 3.345 3.307 3.311 3.318 3.285 3.86457380449464 3.847 5.027 4.038 4.051 4.049 4.066 4.071 4.088 4.253 4.619573804494642 4.085 24.058 24.089000000000002 25.262 25.313 24.243000000000002 24.257 24.266000000000002 24.268 24.263 24.265 24.25 26.67 26.894000000000002 27.04 28.542 28.739 29.085 29.387 29.519000000000002
3.7680000000000002 4.393573804494643 4.584573804494646 4.6225738044946425 4.596573804494639 4.5920000000000005 3.749 3.7600000000000002 3.7560000000000002 3.7560000000000002 3.747 3.736 3.727 3.7030000000000003 3.712 3.714 3.723 3.717 3.728 4.2845738044946415 5.24557380449464 3.745 5.24857380449464 5.209573804494646 4.764 4.92 3.305 3.2920000000000003 3.267 3.222 3.238 3.188 3.3565738044946443 3.807 5.179 4.0600000000000005 4.067 4.081 4.087 4.0840000000000005 4.098 4.259 3.977 3.971 24.066 24.084 24.07 24.261 24.266000000000002 24.237000000000002 24.277 24.272000000000002 24.269000000000002 24.888 27.36 27.537 27.924 28.184 28.469 28.755 28.934 29.279 29.573
4.128573804494643 4.69057380449464 4.758573804494645 4.786573804494644 4.722573804494644 3.7880000000000003 3.759 3.7640000000000002 3.7600000000000002 3.761 3.7600000000000002 3.747 3.731 3.725 3.728 3.725 3.715 3.719 3.736 3.735 5.2005738044946455 3.738 3.742 4.574573804494641 3.7960000000000003 4.9270000000000005 3.226 3.204 3.1710000000000003 3.1510000000000002 3.107 3.074 3.0580000000000003 3.8045738044946447 5.1850000000000005 5.089 4.103 4.094 4.112 4.124 4.118 4.2700000000000005 3.984 3.98 23.971 24.082 24.101 25.333000000000002 24.277 24.259 24.248 24.251 26.695 27.029 27.296 27.561 27.753 28.098 28.342000000000002 28.751 28.925 29.172 29.496000000000002
4.252573804494645 4.499573804494645 4.840573804494639 5.091573804494644 4.459573804494646 3.8240000000000003 3.801 3.7720000000000002 3.793 3.77 3.759 3.762 3.749 3.728 3.723 3.726 3.738 3.73 3.729 3.741 3.735 3.744 3.742 3.74 3.75 4.97 3.107 3.087 3.075 3.04 3.015 2.994 2.952 3.8160000000000003 4.853573804494644 4.571573804494641 4.128 4.119 4.134 4.133 4.156 4.206 4.154 3.972 24.002 24.072 24.088 25.288 25.276 24.275000000000002 24.281 24.593 26.587 26.957 27.141000000000002 27.392 27.718 27.990000000000002 28.296 28.588 28.796 29.142 29.412
3.984 4.438573804494645 4.884573804494643 4.607 4.599573804494639 4.356573804494644 3.813 3.806 3.7840000000000003 3.7880000000000003 3.799 3.767 3.754 3.745 3.728 3.732 3.729 3.738 3.747 3.736 3.743 3.747 3.74 3.7520000000000002 3.754 4.896 4.937 2.963 2.94 2.92 2.91 2.878 2.852 3.8120000000000003 3.948 5.273 4.119 4.158 4.167 4.158 4.168 4.174 4.1450000000000005 3.999 4.015 24.069 24.078 25.256 25.311 24.254 24.243000000000002 26.276 26.499 26.789 27.101 27.342000000000002 27.687 27.932000000000002 28.182000000000002 28.469 28.878 29.014 29.337
3.892 4.600573804494644 4.969573804494644 4.898573804494646 4.701573804494643 4.403573804494641 3.807 3.827 3.815 3.802 3.7920000000000003 3.789 3.774 3.7520000000000002 3.746 3.745 3.739 3.736 3.742 3.765 3.741 3.754 3.7600000000000002 3.734 3.7520000000000002 4.782 4.937 2.883 2.839 2.814 2.8040000000000003 2.767 2.751 3.485 3.801 5.292 4.1770000000000005 4.183 4.183 4.186 4.183 4.19 4.231 4.042573804494644 4.001 24.038 24.092 25.126 25.283 24.262 24.601 24.583000000000002 26.473 26.721 26.966 27.310000000000002 27.536 27.747 28.139 28.43 28.757 28.955000000000002 29.247
