Merged/DEM_0.5_max_filtered_merged.asc
ncols 700
nrows 700
xllcorner 116549.99999999983
yllcorner 6164149.999999888
cellsize 0.5000000000021828
nodata_value -9999
[rows 616 to 643 of 700, columns 63 to 125 of 700]
12.434000000000001 11.632 16.227 17.418 19.662 19.873 19.957 20.306 20.858 19.483 23.874 23.643 24.913 25.014 25.593 25.641000000000002 25.543 26.581 27.168 27.171 27.335 27.538 27.202 26.87 27.171 26.914 26.711000000000002 26.744 26.67 26.893 27.27 26.781 26.664 26.546 26.468 25.573 25.525000000000002 25.531 25.331 25.45 25.576 23.696 21.848 21.553 21.087 20.974 19.313 19.227 19.274 4.477 18.624 18.787 19.064 19.174 19.335 19.342 19.52 19.692 19.177 19.227 20.68 18.879 18.848
14.681000000000001 15.525 15.458 17.258 19.305 19.894000000000002 19.951 19.96 20.115000000000002 19.811 19.772000000000002 23.571 24.581 24.943 25.728 25.819 25.563 26.738 27.204 27.316 27.437 27.598 28.043 27.63 26.949 26.909 26.763 26.832 26.581 26.876 26.962 26.842000000000002 26.836000000000002 26.494 26.397000000000002 25.194 25.387 25.625 25.466 25.375 25.828 25.509 23.526 23.623 21.313 19.252 19.549 19.528 19.727 4.557 18.782 18.849 19.12 18.914 19.490000000000002 19.643 19.569 19.636 19.532 18.884 21.446 20.865000000000002 20.053
14.530000000000001 15.375 15.51 16.56 19.22 19.741 20.009 20.228 20.394000000000002 20.431 20.971 21.864 24.465 25.083000000000002 25.188 25.218 26.166 26.701 27.407 27.376 27.176000000000002 27.503 27.816 27.674 28.021 27.993000000000002 26.942 27.245 27.592000000000002 26.753 27.352 27.588 26.417 27.726 27.112000000000002 25.805 25.208000000000002 25.715 25.538 25.955000000000002 25.689 25.321 25.308 23.499 20.515 21.201 20.584 20.458000000000002 19.830000000000002 19.173000000000002 18.474 18.302 18.992 18.707 18.651 19.384 19.519000000000002 19.06 19.284 21.168 21.6 21.527 21.203
14.628 14.785 16.761 16.784 19.301000000000002 19.398 19.909 24.060000000000002 24.002 23.973 20.671 24.768 24.875 24.93 25.137 26.177 26.336000000000002 26.748 27.394000000000002 27.159 27.156 27.400000000000002 27.711000000000002 27.871000000000002 28.177 27.958000000000002 28.002 27.368000000000002 27.694 27.665 27.6 27.403000000000002 27.057000000000002 27.512 27.543 28.105 25.769000000000002 25.734 25.765 25.662 25.765 25.677 23.841 23.46 20.35 20.544 20.415 20.164 19.461000000000002 19.638 18.702 18.779 18.784 18.25 18.647000000000002 18.662 18.86 19.319 19.019000000000002 21.337 21.55 21.446 21.513
13.38 16.848 16.886 16.812 16.845 19.324 23.625 24.199 24.23 24.46 24.262 24.717 24.62 26.506 26.492 26.788 26.739 26.661 27.248 27.203 27.159 27.851 27.651 27.971 27.97 27.810000000000002 28.294 27.643 27.727 27.485 27.753 27.822 28.368000000000002 27.613 27.406 28.071 27.333000000000002 26.94 25.354 25.568 25.28 25.653000000000002 23.662 23.002 20.56 20.794 19.657 19.733 19.619 19.663 20.127 19.734 18.876 11.186 17.243000000000002 18.43 19.614 21.016000000000002 21.358 21.232 21.215 21.357 21.391000000000002
16.844 16.882 16.912 17.181 17.036 23.635 23.613 23.704 24.498 24.603 24.746000000000002 24.227 26.035 26.301000000000002 26.865000000000002 26.64 27.128 27.413 27 27.299 27.948 27.593 27.465 27.693 27.942 28.092000000000002 28.099 28.267 27.779 28.517 27.876 28.113 28.384 28.367 27.668 27.709 27.794 27.378 25.479 25.569 25.007 24.081 23.830000000000002 23.793 20.273 21.423000000000002 19.124 19.297 19.707 20.098 20.271 20.788 20.477 11.153 17.075 21.07 20.914 21.417 21.254 21.349 20.924 20.92 21.353
16.777 16.785 16.981 17.722 17.978 18.354 23.515 24.128 24.393 24.798000000000002 24.830000000000002 24.482 26.149 26.12 26.679000000000002 26.749000000000002 27.029 26.984 27.371000000000002 27.32 27.217000000000002 27.36 27.643 27.875 28.024 27.859 27.988 27.918 27.63 28.489 28.436 28.234 28.409 28.37 27.515 27.635 27.64 27.334 26.887 26.937 25.044 24.897000000000002 23.733 23.863 23.863 21.263 21.452 18.863 18.744 20.126 20.336000000000002 20.359 20.399 20.376 20.113 20.984 20.969 21.112000000000002 21.191 20.899 20.507 20.827 20.774
16.241 17.057 17.188 17.288 17.974 23.252 23.358 23.702 24.454 24.132 24.548000000000002 24.513 26.087 26.255 26.271 26.925 26.898 27.067 26.419 27.269000000000002 27.101 27.651 27.386 27.585 28.155 28.057000000000002 27.739 27.469 26.978 27.234 28.304000000000002 28.624000000000002 28.353 28.338 27.966 27.592000000000002 27.713 27.046 27.099 26.941 24.948 24.656 23.626 23.662 21.597 21.592 21.419 21.401 19.971 19.777 20.074 20.485 20.111 20.216 20.259 20.811 21.069 21.108 20.900000000000002 20.8 20.601 20.996 20.901
16.579 16.857 18.102 18.255 16.804000000000002 18.599 23.292 23.359 23.71 23.819 23.73 23.54 24.687 26.318 26.476 26.546 26.938 26.98 27.197 27.182000000000002 27.773 27.493000000000002 27.135 27.548000000000002 27.679000000000002 27.972 27.844 27.737000000000002 27.901 27.742 28.083000000000002 28.373 28.373 27.757 27.912 27.528000000000002 27.332 27.147000000000002 27.060000000000002 26.562 24.835 24.633 24.758 23.745 21.321 21.662 21.702 21.552 20.214000000000002 19.142 18.1 20.209 20.150000000000002 20.006 20.52 20.479 21.504 21.543 21.218 21.203 21.172 20.612000000000002 21.081
16.606 16.895 17.098 20.533 20.759 22.993000000000002 23.235 23.606 23.38 23.476 23.968 23.837 24.723 26.219 26.131 26.395 26.975 26.831 26.951 27.288 27.543 27.61 27.183 27.261 28.332 28.309 28.22 27.985 27.729 27.968 28.016000000000002 28.075 28.203 27.987000000000002 27.666 26.833000000000002 27.357 26.853 26.909 26.882 26.266000000000002 24.55 24.581 23.192 23.213 21.276 20.919 21.062 20.326 18.305 16.326 16.29 16.287 21.156 21.104 21.629 22.356 22.41 22.389 22.182000000000002 18.81 20.647000000000002 20.607
16.105 17.211000000000002 17.687 20.621 21.083000000000002 22.748 23.086000000000002 23.372 23.471 23.706 23.866 23.839000000000002 23.723 25.26 25.262 25.781 26.895 26.983 26.761 27.068 27.344 27.283 27.42 27.912 27.453 28.246000000000002 28.009 27.511 27.629 27.79 27.606 28.118000000000002 27.817 28.017 28.063 26.402 26.928 26.444 26.245 26.351 25.869 23.158 23.011 22.911 21.115000000000002 21.161 20.824 20.712 20.717 20.187 16.502 16.619 22.479 21.993000000000002 22.29 22.523 22.417 22.482 22.400000000000002 22.092 20.967 20.705000000000002 21.729
16.44 17.133 18.169 20.523 21.118000000000002 22.673000000000002 23.012 23.528000000000002 23.44 23.619 23.394000000000002 23.573 23.614 23.175 25.437 25.514 26.592000000000002 26.781 26.833000000000002 25.575 27.109 27.565 27.024 27.913 27.941 27.504 28.029 27.566 26.964000000000002 27.579 27.885 28.114 28.029 27.89 27.325 27.55 27.597 26.347 25.921 25.875 20.091 20.607 22.407 22.894000000000002 20.397000000000002 20.743000000000002 21.225 21.345 21.37 21.779 21.542 21.352 22.583000000000002 22.405 22.311 22.545 22.527 22.452 22.35 22.392 21.289 21.622 21.881
16.108 16.442 17.339 19.183 20.378 22.207 20.626 23.644000000000002 23.477 23.441 23.488 23.650000000000002 23.679000000000002 23.217 25.493000000000002 25.428 25.562 25.86 26.725 26.821 27.141000000000002 27.104 27.233 27.806 27.88 28.134 27.637 27.199 27.867 27.599 27.867 27.985 28.077 27.934 26.927 27.532 27.412 25.995 25.44 25.441 22.55 23.063 23.181 20.302 20.367 20.956 20.93 21.265 21.452 21.485 21.914 21.966 22.32 22.473 22.469 22.405 22.434 22.456 22.397000000000002 21.407 21.268 21.541 21.516000000000002
15.994 16.067 17.325 17.716 17.849 20.663 20.822 21.007 22.545 22.804000000000002 22.471 23.546 23.605 23.495 25.283 25.38 25.656 26.345 26.468 26.772000000000002 27.135 27.191 27.451 27.623 27.971 27.542 28.006 27.961000000000002 27.601 27.476 27.349 27.901 27.905 26.508 26.684 26.837 26.158 26.044 24.819 23.805 23.400000000000002 23.06 22.898 21.412 21.254 20.653 20.63 21.281 21.098 21.478 21.814 21.884 22.351 22.593 22.517 22.196 19.867 22.222 22.185 21.437 21.262 21.502 21.61
11.689 15.536 17.596 17.781 17.372 18.008 20.449 21.125 21.189 22.094 22.422 22.39 23.092 23.143 23.3 23.345 25.231 25.852 26.458000000000002 26.738 26.844 27.114 27.69 27.809 27.405 27.953 24.685000000000002 27.852 27.504 27.392 27.575 27.694 27.804000000000002 27.209 26.644000000000002 25.731 25.197 25.014 25.154 24.089000000000002 23.687 22.565 22.898 21.455000000000002 21.053 21.213 20.795 20.67 20.275000000000002 20.783 21.929000000000002 21.965 22.145 21.946 21.588 21.955000000000002 22.656 22.367 22.026 21.625 21.811 21.962 21.85
12.553452468897973 12.685 17.606 17.631 17.289 16.788 20.791 21.274 21.268 21.451 21.959 22.568 22.324 23.049 25.467000000000002 25.59 25.818 25.867 25.773 26.792 26.821 26.769000000000002 27.73 27.669 26.677 27.716 27.454 27.322 27.539 27.611 27.423000000000002 27.512 27.201 26.695 26.341 25.414 25.17 25.2 25.240000000000002 24.194 23.602 23.244 21.942 21.511 20.865000000000002 20.884 20.732 20.645 20.566 16.551000000000002 22.601 22.558 22.481 21.422 22.17 22.312 22.492 22.538 22.288 21.631 22.004 21.917 18.507
11.489452468897973 12.853 17.243000000000002 17.251 17.261 16.97 21.279 21.437 21.437 21.565 22.45 22.392 22.548000000000002 22.293 22.951 25.629 25.703 25.886 25.734 26.725 26.810000000000002 26.183 26.161 27.452 27.441 28.02 27.569 27.057000000000002 27.012 26.599 26.988 26.968 27.195 26.367 26.191 26.281 24.93 24.996000000000002 24.3 23.917 23.195 23.261 22.004 19.564 20.573 20.076 20.812 20.96 21.035 22.601 22.643 22.468 22.398 21.385 21.356 22.602 22.786 22.228 21.691 21.881 21.808 21.955000000000002 21.023
15.754 16.098 12.874 16.648 16.891000000000002 16.929000000000002 20.517 20.896 21.463 21.377 21.572 22.096 21.943 21.837 25.339000000000002 25.5 25.6 25.582 25.71 26.544 25.580000000000002 26.056 26.854 26.832 27.372 27.913 27.183 26.981 27.067 25.874 27.049 26.897000000000002 26.721 26.358 26.188 25.961000000000002 23.517 23.535 23.547 23.572 22.538 22.233 19.217 19.687 19.704 19.953 20.523 21.105 21.031 20.913 22.696 22.639 22.429000000000002 22.375 21.822 22.485 22.504 22.2 21.563 21.779 21.643 21.142 21.364
16.189 16.268 8.831 16.858 16.666 19.665 20.403 19.71 19.7 19.885 19.806 18.846 21.836000000000002 21.681 22.542 25.507 24.671 25.212 25.475 25.073 25.107 25.213 25.148 25.648 25.919 27.371000000000002 27.276 27.089000000000002 24.829 25.18 25.007 24.843 25.213 25.023 25.498 25.46045246889797 23.012 22.995 22.444 22.405 22.226 22.058 18.615000000000002 19.768 19.956 20.258 20.772000000000002 20.995 20.944 22.315 22.35 22.375 22.633 22.592 21.723 22.291 22.31 22.23 22.316 21.017 21.244 21.264 20.295
16.278 16.42 11.153 11.311 12.67 19.704 19.588 19.735 19.733 19.787 19.919 20.093 21.931 22.008 22.635 22.701 25.021 24.268 24.122 24.32 23.931 23.853 24.081 25.981 26.002 25.522000000000002 24.862000000000002 27.008 24.07 24.438 25.104 25.04 23.423000000000002 23.316 22.226 22.244 22.097 21.654 21.68 21.369 16.119 16.121 15.85 18.94 20.838 21.167 19.569 20.984 21.493000000000002 21.621000000000002 22.064 22.765 22.732 22.779 22.689 22.016000000000002 22.044 22.043 22.145 22.227 20.817 21.065 20.803
17.016000000000002 17.003 10.604000000000001 11.429 13.696452468897974 18.408452468897977 19.085 19.328 19.367 19.319 19.938 20.337 21.611 21.919 22.035 22.793 22.797 23.296 23.813 23.575 23.558 24.192 24.228 25.922 25.937 24.999 24.425 24.002 24.150000000000002 23.678 23.605 24.679000000000002 23.364 21.707 22.167 22.094 20.078 20.884 20.248 19.469 19.975 16.178 17.602 19.382 20.815 21.141000000000002 20.717 20.365000000000002 20.609 22.034 22.045 22.325 22.775000000000002 22.709 22.786 20.414 20.518 20.386 21.889 21.162 20.84 20.876 20.662
17.038 16.919 9.769 10.472 13.130452468897978 17.853 18.989 19.557000000000002 19.673000000000002 20.056 21.035 21.303 21.546 22.002 22.319 22.078 22.87 22.490000000000002 23.867 23.497 23.411 23.848 24.071 24.263 26.063 24.505 24.305 24.284 24.127 23.845 23.646 23.441 23.305 22 21.592 22.095 20.283 20.219 20.162 19.489 19.162 18.049 18.953 19.448 20.871 20.644000000000002 20.637 20.676000000000002 19.802 21.57 21.979 21.746000000000002 22.589000000000002 22.678 22.548000000000002 20.830000000000002 21.216 20.822 20.588 20.748 20.626 21.001 20.84
17.029 16.534 9.908 11.816 11.709 12.904 17.833000000000002 19.019452468897974 19.369 19.986 20.79 21.306 20.849 22.268 22.306 21.668 21.819 23.613 23.538 23.694 22.902 22.09 24.051000000000002 24.258 24.388 24.133 24.082 24.028000000000002 24.078 24.122 23.841 23.363 20.361 20.495 20.282 20.058 20.334 20.088 18.904 19.148 19.262 18.330000000000002 19.7 20.921 20.993000000000002 20.641000000000002 20.624 20.725 20.156 20.517 21.859 21.918 21.703 21.848 21.862000000000002 21.146 21.188 20.76 20.421 20.327 20.337 20.716 21.06
13.749 10.492 9.885 9.644 11.03 13.154452468897972 12.598452468897975 19.148 8.409 19.171 19.912 20.642 20.741 20.247 20.923000000000002 21.301000000000002 21.521 21.287 23.538 21.169 22.272000000000002 21.193 20.082 22.63 23.271 23.704 23.944 23.900000000000002 24.007 23.886 19.948 20.007 20.17 20.307000000000002 20.019000000000002 20.039 19.416 18.805 18.781 18.438 14.925 18.244 19.627 20.976 20.911 20.726 21.253 20.44 20.389 20.434 20.589000000000002 19.909 19.962 19.766000000000002 21.19 21.198 21.179000000000002 20.601 14.842 15.958 17.764 21.133 19.741
10.676 10.551 9.785 9.732 9.548 9.771 9.46 8.461 8.379 7.6240000000000006 19.393 20.095 20.204 20.362000000000002 20.726 20.694 21.203 21.417 20.803 21.301000000000002 21.291 21.138 21.137 20.114 22.299 23.357 23.602 23.473 23.452 23.399 19.899 19.748 19.891000000000002 19.956 19.219 19.206 19.277 19.064 18.502 14.539 14.867 14.401 18.027 20.432000000000002 20.725 20.798000000000002 21.12 20.124 19.399 19.157 19.861 19.575 18.019000000000002 14.534 20.246 14.323 21.012 20.994 15.377 15.654 15.683 18.07 18.112000000000002
10.972 10.793000000000001 10.152000000000001 9.671 9.008000000000001 9.985 9.415000000000001 9.502 8.024000000000001 8.735 17.993000000000002 19.241 19.605 19.619 20.374 21.077 20.829 21.385 21.593 21.12 21.048000000000002 21.401 20.855 20.82 19.262 16.708000000000002 19.974 18.555 18.528 18.163 17.697 17.490000000000002 17.872 18.116 18.195 17.258 8.179 17.803 17.263 11.57 14.296000000000001 14.33 16.745 19.12 20.501 20.618000000000002 20.651 20.125 19.497 18.068 18.351 18.017 18.174 13.142 13.907 14.218 13.705 15.359 15.893 15.355 15.764000000000001 17.714 17.907
11.141 10.748000000000001 10.327 9.071452468897974 9.057 9.138452468897974 9.441 8.656 8.709 5.43 18.346 19.188 19.347 18.634 18.973 18.661 20.639 20.768 21.057000000000002 21.158 21.081 20.332 18.932000000000002 19.307000000000002 19.201 19.202 12.463000000000001 17.994 18.507 17.7 17.581 13.756 12.009 18.134 18.002 17.395 7.890000000000001 7.1450000000000005 9.253 13.533 13.616 16.223 16.636 16.957 16.569 17.759 19.558 19.387 17.87 16.382 18.188 18.516000000000002 18.271 12.995000000000001 12.988 13.855 13.668000000000001 13.429 15.946 16.211000000000002 15.74 15.11 12.917
10.733 10.408 10.635 10.676 8.915000000000001 9.113 8.292 8.045 8.837 8.878 6.578 9.199 14.729000000000001 14.631 14.950000000000001 15.771 20.424 20.474 20.969 20.259 20.175 19.403 18.925 19.252 19.044 18.64 18.365000000000002 12.434000000000001 17.456 17.868000000000002 17.609 17.379 11.77 11.68 17.234 17.367 7.3 7.29 7.246 11.69 12.242 12.669 17.079 16.995 16.437 16.642 16.579 16.76 16.755 16.9 16.158 16.576 12.491 12.614 13.423 12.473 13.441 15.133000000000001 15.293000000000001 16.127 15.829 12.559000000000001 9.806000000000001
