Merged/DEM_0.5_max_filtered_merged.asc
ncols 700
nrows 700
xllcorner 116549.99999999983
yllcorner 6164149.999999888
cellsize 0.5000000000021828
nodata_value -9999
[rows 140 to 167 of 700, columns 315 to 377 of 700]
3.271 2.073 2.069 2.088 2.072 2.076 2.116 2.12 2.14 2.153 2.195 2.197 2.225 2.214 2.25 2.242 2.2560000000000002 2.273 2.281 2.277 2.3040000000000003 2.3040000000000003 7.863 7.974 7.898000000000001 8.936 10.23516123767019 9.619 9.83616123767019 7.835 8.852 8.882 8.185161237670194 8.544161237670195 2.402 2.395 2.396 2.3970000000000002 2.4130000000000003 2.407 2.412 2.394 2.411 2.424 2.453 2.438 2.461 2.477 2.479 2.474 2.469 2.453 2.457 2.453 2.44 2.444 2.428 2.427 2.42 2.404 2.356 2.314 2.314
3.42 5.298 2.108 2.096 2.092 2.094 2.113 2.142 2.136 2.166 2.213 2.219 2.243 2.243 2.262 2.2720000000000002 2.269 2.295 2.313 2.294 2.305 5.852 5.905 8.065 7.822 8.279 9.609 9.553161237670196 7.613161237670191 7.7620000000000005 7.646161237670192 8.108161237670195 8.331161237670194 8.497161237670191 2.399 2.4250000000000003 2.41 2.426 2.4210000000000003 2.43 2.4290000000000003 2.424 2.427 2.444 2.459 2.463 2.484 2.48 2.474 2.474 2.452 2.447 2.435 2.433 2.419 2.434 2.422 2.412 2.404 2.323 2.333 2.9521612376701896 3.170161237670193
4.399161237670192 5.299 5.266 2.129 3.882 3.989 3.786 2.164 2.1750000000000003 2.209 2.224 2.258 2.2560000000000002 2.282 2.2760000000000002 2.286 2.312 2.332 2.329 2.354 5.1451612376701945 5.914 5.837 7.474 7.742161237670196 7.019 6.97316123767019 9.242161237670196 7.72316123767019 7.7161612376701925 7.971 8.226 2.411 2.41 2.41 2.423 2.449 2.449 2.446 2.44 2.455 2.462 2.449 2.48 2.478 2.479 2.474 2.472 2.459 2.445 2.47 2.431 2.407 2.4090000000000003 2.416 2.4170000000000003 2.43 2.341 2.336 3.3441612376701926 3.215161237670195 3.3751612376701914 3.957161237670192
5.33916123767019 5.445 5.518 3.5180000000000002 3.9050000000000002 3.989 3.882 3.844 2.189 2.227 2.2560000000000002 2.267 2.289 2.29 2.295 2.313 2.326 2.339 2.336 2.356 2.358 5.010161237670189 7.575161237670194 7.5811612376701945 6.805161237670191 6.761 6.6821612376701935 6.666161237670195 7.537 6.886161237670194 8.126 7.041161237670195 7.148161237670195 2.419 2.4250000000000003 2.427 2.435 2.445 2.466 2.454 2.474 2.474 2.481 2.483 2.469 2.474 2.462 2.476 2.454 2.434 2.44 2.411 2.415 2.415 2.398 2.379 2.335 2.348 3.3211612376701893 3.2231612376701904 4.085161237670192 3.9931612376701935 4.161161237670193
5.4030000000000005 5.448 5.317 3.856 3.867 3.981 4.0440000000000005 3.9330000000000003 3.802 2.24 2.27 2.286 2.301 2.301 2.322 2.335 2.346 2.361 2.373 2.372 2.3970000000000002 4.982161237670191 2.408 6.89416123767019 5.6651612376701905 5.654161237670195 6.5920000000000005 6.713161237670192 4.250161237670191 2.4090000000000003 2.412 2.407 7.140161237670192 2.4 2.423 2.441 2.436 2.45 2.455 2.457 2.481 2.49 2.477 2.476 2.465 2.459 2.456 2.444 2.445 2.43 2.4130000000000003 2.404 2.41 2.395 2.346 2.325 2.35 3.363161237670191 3.6651612376701905 4.122161237670191 4.163161237670195 4.08016123767019 3.7871612376701904
5.501 5.382 5.183 5.176 4.016 4.0200000000000005 4.085 3.912 3.747 2.258 2.287 2.317 2.325 2.318 2.348 2.356 2.361 2.386 2.395 2.407 2.407 2.4130000000000003 2.399 2.4210000000000003 5.82716123767019 2.408 5.075161237670194 5.154161237670195 2.407 2.4090000000000003 2.402 2.423 2.418 2.404 2.415 2.433 2.443 2.448 2.469 2.477 2.49 2.483 2.474 2.479 2.47 2.451 2.443 2.4170000000000003 2.432 2.41 2.419 2.386 2.379 2.313 2.358 3.15016123767019 3.633161237670194 3.8651612376701934 4.157161237670195 4.125161237670191 3.3371612376701947 3.7671612376701944 3.5751612376701942
5.537 5.478 5.472 5.26 5.22 3.9250000000000003 3.863161237670191 3.733 3.6950000000000003 2.3000000000000003 2.32 2.325 2.342 2.357 2.36 2.372 2.387 2.396 2.4210000000000003 2.415 2.414 2.427 2.418 2.423 2.434 2.4170000000000003 2.415 2.419 2.419 2.422 2.41 2.426 2.427 2.419 2.428 2.441 2.459 2.478 2.471 2.49 2.489 2.483 2.481 2.471 2.47 2.446 2.4290000000000003 2.4210000000000003 2.418 2.41 2.4050000000000002 2.324 2.347 2.64716123767019 3.0341612376701903 3.7471612376701913 4.116161237670191 4.175161237670196 3.3301612376701897 3.289161237670193 3.6171612376701887 3.4281612376701958 3.422
5.977 6.149161237670192 5.84 5.689 5.291 5.936 5.499161237670194 3.891 3.586 2.286 2.318 2.346 2.352 2.361 2.375 2.3850000000000002 2.4 2.41 2.4170000000000003 2.448 2.45 2.449 2.44 2.4170000000000003 2.415 2.426 2.403 2.411 2.412 2.4050000000000002 2.408 2.419 2.428 2.4290000000000003 2.464 2.47 2.473 2.475 2.486 2.475 2.482 2.468 2.475 2.455 2.437 2.407 2.42 2.412 2.424 2.369 2.338 2.343 3.3011612376701933 3.7061612376701945 3.9391612376701914 4.116161237670191 3.7471612376701913 2.8301612376701897 3.234161237670193 3.2831612376701926 2.473 2.489 2.484
6.158 6.131 5.884 5.748 5.695 5.913 5.315 5.284 4.059 2.326 2.332 2.335 2.372 2.376 2.38 2.3890000000000002 2.419 2.434 2.441 2.458 2.463 2.469 2.463 2.4250000000000003 2.422 2.43 2.4250000000000003 2.4250000000000003 2.418 2.4170000000000003 2.4250000000000003 2.424 2.444 2.467 2.461 2.467 2.478 2.475 2.48 2.475 2.476 2.477 2.449 2.412 2.422 2.416 2.4130000000000003 2.379 2.335 2.346 3.1021612376701952 3.198161237670192 3.683161237670191 4.195161237670192 3.7861612376701927 3.4531612376701943 2.432 2.7961612376701908 3.2201612376701902 2.468 2.485 2.508 2.5140000000000002
6.267 6.148 6.014 5.835 5.61 5.34216123767019 5.0440000000000005 5.275 4.562 2.332 2.345 2.356 2.369 2.376 2.382 2.392 2.415 2.436 2.454 2.462 2.465 2.472 2.446 2.432 2.4250000000000003 2.416 2.415 2.449 2.434 2.427 2.4290000000000003 2.45 2.456 2.472 2.471 2.47 2.473 2.469 2.471 2.476 2.465 2.437 2.418 2.427 2.404 2.391 2.36 2.339 2.36 3.28116123767019 3.670161237670193 4.064161237670191 4.03716123767019 3.7941612376701954 2.43 2.436 2.8271612376701896 2.468 2.495 2.494 2.5100000000000002 2.512 2.52
6.626 6.195161237670192 6.037 5.811 5.551 5.123 4.9670000000000005 4.729 4.755161237670194 4.389 2.36 2.372 2.368 2.3890000000000002 2.387 2.415 2.4250000000000003 2.45 2.463 2.466 2.47 2.457 2.424 2.43 2.4170000000000003 2.4130000000000003 2.424 2.439 2.454 2.443 2.468 2.461 2.467 2.476 2.467 2.465 2.459 2.467 2.45 2.447 2.435 2.432 2.427 2.399 2.386 2.332 2.343 3.0571612376701935 3.279161237670195 3.7421612376701887 4.1081612376701955 3.08916123767019 3.808161237670191 2.434 2.453 3.052161237670191 2.47 2.491 2.5 2.505 2.517 2.503 2.507
6.4190000000000005 6.325 6.016 5.709161237670195 5.3580000000000005 5.281 4.893161237670192 4.706 4.596161237670195 4.0671612376701916 2.367 2.3850000000000002 2.39 2.4010000000000002 2.4010000000000002 2.408 2.428 2.476 2.463 2.463 2.452 2.423 2.424 2.411 2.415 2.423 2.433 2.444 2.465 2.46 2.483 2.483 2.471 2.465 2.459 2.457 2.468 2.443 2.4250000000000003 2.454 2.434 2.43 2.399 2.314 2.332 2.365 3.191161237670194 3.6721612376701955 3.8671612376701887 4.07716123767019 4.042161237670193 3.2831612376701926 3.8171612376701916 3.7491612376701937 2.467 2.491 2.5140000000000002 2.509 2.503 2.5100000000000002 2.498 2.5020000000000002 2.49
6.331 6.384 5.642 5.45 5.329 5.632 5.191161237670194 4.702 4.5520000000000005 4.5040000000000004 2.382 2.39 2.404 2.4170000000000003 2.422 2.437 2.449 2.45 2.46 2.452 2.44 2.4250000000000003 2.428 2.424 2.434 2.438 2.447 2.472 2.483 2.474 2.477 2.478 2.464 2.471 2.451 2.438 2.43 2.407 2.4290000000000003 2.422 2.39 2.365 2.321 2.341 3.1721612376701955 3.4521612376701896 3.754161237670189 4.106161237670193 4.1721612376701955 2.416 3.7661612376701896 3.0941612376701926 2.465 2.492 2.489 2.501 2.5180000000000002 2.512 2.507 2.5100000000000002 2.485 2.483 2.478
6.0360000000000005 6.416 5.604 5.61 5.268 5.65 4.729 4.66 4.5120000000000005 2.388 2.388 2.404 2.412 2.434 2.4290000000000003 2.4210000000000003 2.436 2.432 2.434 2.433 2.436 2.4250000000000003 2.428 2.428 2.454 2.473 2.471 2.478 2.475 2.47 2.464 2.454 2.465 2.452 2.441 2.422 2.399 2.408 2.426 2.367 2.322 2.339 2.363 3.2401612376701934 3.6551612376701925 4.127161237670194 3.5941612376701926 3.77516123767019 2.439 3.7321612376701907 3.387161237670192 2.47 2.493 2.508 2.5140000000000002 2.517 2.504 2.5020000000000002 2.497 2.48 2.468 2.469 2.467
6.112 6.0280000000000005 5.6290000000000004 5.595 5.238 4.9 4.543 4.5 4.454 2.399 2.419 2.443 2.436 2.44 2.4250000000000003 2.435 2.435 2.4250000000000003 2.424 2.426 2.441 2.441 2.432 2.455 2.474 2.471 2.464 2.467 2.473 2.468 2.457 2.451 2.444 2.431 2.419 2.408 2.4050000000000002 2.38 2.3890000000000002 2.336 2.34 2.36 3.3011612376701933 4.051161237670193 4.14716123767019 3.704161237670192 3.8201612376701917 3.133161237670194 3.7461612376701936 3.468161237670195 3.262161237670192 2.5100000000000002 2.5060000000000002 2.511 2.52 2.507 2.496 2.503 2.485 2.474 2.474 2.457 2.461
5.666 5.3180000000000005 5.555 5.5120000000000005 5.089 4.462 4.1610000000000005 4.493 3.927161237670191 2.424 2.431 2.447 2.449 2.434 2.431 2.416 2.426 2.427 2.416 2.426 2.438 2.455 2.464 2.471 2.472 2.475 2.488 2.467 2.468 2.467 2.442 2.422 2.4170000000000003 2.4170000000000003 2.414 2.394 2.344 2.315 2.335 2.355 3.4621612376701947 3.7161612376701925 4.002161237670194 3.6351612376701894 4.102161237670195 3.7771612376701924 3.7361612376701956 3.7591612376701917 3.2761612376701947 2.485 2.496 2.5100000000000002 2.519 2.509 2.498 2.493 2.486 2.486 2.476 2.466 2.461 2.456 2.444
5.482 5.343 5.3420000000000005 5.492 5.03 4.287 3.83916123767019 3.73 3.329 2.435 2.443 2.427 2.426 2.44 2.4250000000000003 2.415 2.43 2.431 2.7321612376701907 2.761161237670194 2.464 2.461 2.471 2.48 2.469 2.467 2.47 2.467 2.448 2.439 2.415 2.408 2.412 2.384 2.3770000000000002 2.313 2.341 2.337 3.573161237670192 3.7471612376701913 4.060161237670194 3.9961612376701936 3.562161237670189 3.84216123767019 3.8181612376701892 3.8301612376701897 3.396161237670192 2.497 2.508 2.5100000000000002 2.5220000000000002 2.531 2.495 2.504 2.496 2.494 2.485 2.468 2.46 2.454 2.445 2.435 2.42
5.812 5.05 5.18 5.506 4.980161237670195 4.037 3.593 3.473 3.343 2.433 2.4250000000000003 2.428 2.427 2.44 2.43 2.431 2.426 2.4290000000000003 2.459 2.469 2.476 2.472 2.465 2.466 2.467 2.457 2.461 2.442 2.4210000000000003 2.419 2.414 2.4090000000000003 2.404 2.289 2.316 2.334 2.351 2.366 3.994161237670191 4.1381612376701895 4.011161237670194 3.302161237670191 3.7501612376701914 3.7201612376701902 3.633161237670194 3.2201612376701902 2.494 2.515 2.512 2.504 2.511 2.496 2.505 2.482 2.491 2.474 2.461 2.454 2.447 2.442 2.427 2.42 2.4170000000000003
5.615161237670193 4.953 4.932 5.49 3.811 3.18 3.09 3.439 2.427 2.427 2.423 2.415 2.418 2.422 2.433 2.44 2.7191612376701926 2.454 2.768161237670192 2.467 2.483 2.477 2.473 2.466 2.452 2.461 2.441 2.427 2.415 2.41 2.3930000000000002 2.382 2.312 2.317 2.335 2.373 3.0231612376701946 3.846161237670195 4.02216123767019 3.7061612376701945 3.3251612376701942 3.590161237670195 3.2771612376701924 3.4291612376701934 2.503 2.493 2.52 2.507 2.519 2.498 2.49 2.491 2.486 2.463 2.469 2.459 2.443 2.447 2.435 2.4290000000000003 2.424 2.408 2.406
4.619 4.815 3.815 3.771 3.583 3.065161237670189 2.418 2.414 2.416 2.422 2.433 2.887161237670192 2.4210000000000003 2.4250000000000003 2.454 2.466 2.474 2.484 2.468 2.466 2.468 2.456 2.464 2.458 2.442 2.423 2.4210000000000003 2.4170000000000003 2.406 2.364 2.303 2.324 2.34 2.347 2.947161237670194 4.007161237670189 3.545161237670193 3.5541612376701934 3.40316123767019 3.177161237670191 3.0231612376701946 3.228161237670193 2.485 2.494 2.511 2.5140000000000002 2.515 2.5060000000000002 2.497 2.487 2.484 2.47 2.457 2.47 2.441 2.452 2.438 2.433 2.4170000000000003 2.42 2.418 2.433 2.437
4.053161237670196 3.674 3.81 3.761 3.474 2.432 2.426 2.412 2.4250000000000003 2.415 2.826161237670192 2.7271612376701952 2.8651612376701934 2.8651612376701934 2.464 2.476 2.481 2.475 2.478 2.469 2.465 2.469 2.457 2.4290000000000003 2.426 2.4090000000000003 2.3970000000000002 2.37 2.299 2.305 2.319 2.353 2.920161237670193 4.103161237670193 3.2591612376701917 3.7131612376701923 3.7401612376701934 3.6441612376701897 3.46116123767019 3.1681612376701906 2.463 2.501 2.505 2.512 2.5180000000000002 2.515 2.501 2.482 2.47 2.469 3.6811612376701888 2.459 2.457 2.455 2.443 2.427 2.427 2.427 2.415 2.407 2.411 2.446 2.436
2.374 3.848 3.9170000000000003 2.4210000000000003 2.418 2.431 2.4170000000000003 2.424 2.42 2.428 2.42 2.442 2.473 2.471 2.478 2.479 2.484 2.468 2.467 2.461 2.441 2.439 2.412 2.422 2.406 2.387 2.331 2.2800000000000002 2.316 2.334 2.354 3.1511612376701947 3.984161237670193 3.183161237670191 3.6111612376701956 3.6311612376701916 3.6581612376701926 2.46 2.466 2.488 2.5 2.5140000000000002 2.519 2.511 2.49 2.489 2.49 2.487 2.479 2.472 2.446 2.446 2.441 2.437 2.428 2.41 2.418 2.398 2.398 2.433 2.438 2.428 2.451
2.4 2.404 3.959 2.424 2.418 2.416 2.434 2.423 2.414 2.448 2.7371612376701933 2.457 2.457 2.458 2.473 2.466 2.472 2.461 2.454 2.436 2.403 2.398 2.394 2.366 2.357 2.27 2.2960000000000003 2.323 2.331 3.981161237670193 4.08616123767019 3.9491612376701895 2.414 2.428 3.654161237670195 2.458 2.456 2.492 2.499 2.505 2.516 2.509 2.507 2.497 2.511 2.477 2.477 2.467 2.458 2.446 2.436 2.434 2.446 2.42 2.431 2.415 2.419 2.4290000000000003 2.444 2.433 2.4290000000000003 2.458 2.478
2.406 2.415 2.412 2.3970000000000002 2.435 2.419 2.42 2.445 2.45 2.457 2.462 2.468 2.463 2.462 2.458 2.459 2.449 2.4290000000000003 2.424 2.426 2.4010000000000002 2.367 2.363 2.263 2.311 2.302 2.317 2.7001612376701942 2.8521612376701952 3.235161237670191 2.7021612376701896 3.629161237670189 3.5871612376701947 3.613161237670191 3.613161237670191 3.198161237670192 2.487 2.517 2.507 2.511 2.501 2.501 2.496 2.482 2.47 2.465 2.462 2.445 2.438 2.4250000000000003 2.4210000000000003 2.407 2.412 2.4 2.402 2.42 2.427 2.423 2.437 2.433 2.478 2.498 2.505
2.411 2.408 2.6781612376701958 2.414 2.416 2.432 2.799161237670191 2.7401612376701934 2.448 2.471 2.464 2.477 2.46 2.462 2.461 2.458 2.437 2.423 2.415 2.4010000000000002 2.391 2.261 2.281 2.308 2.707161237670192 2.353 2.8641612376701957 4.021161237670192 3.5071612376701893 3.1511612376701947 3.7391612376701957 2.444 2.455 3.207161237670192 2.489 2.507 2.5140000000000002 2.512 2.5140000000000002 2.504 2.492 2.475 2.487 2.473 2.479 2.441 2.44 2.441 2.427 2.427 2.403 2.406 2.407 2.411 2.4250000000000003 2.423 2.43 2.428 2.471 2.477 2.508 2.5020000000000002 2.515
2.407 2.414 2.419 2.77516123767019 2.832161237670192 2.7941612376701954 2.657161237670195 2.476 2.455 2.458 2.453 2.463 2.455 2.445 2.433 2.428 2.4130000000000003 2.402 2.379 2.357 2.277 2.301 2.308 2.33 3.0871612376701947 3.4321612376701935 3.1311612376701916 3.4431612376701892 3.623161237670189 3.173161237670193 2.8311612376701945 2.462 2.49 2.505 2.513 2.5180000000000002 2.521 2.508 2.491 2.491 2.479 2.463 2.473 2.45 2.444 2.437 2.418 2.422 2.419 2.416 2.403 2.384 2.434 2.426 2.43 2.424 2.433 2.473 2.495 2.5180000000000002 2.507 2.5140000000000002 2.527
2.4050000000000002 2.408 2.4250000000000003 2.8941612376701897 2.448 2.7691612376701897 2.461 2.466 2.452 2.455 2.45 2.437 2.426 2.448 2.445 2.426 2.404 2.387 2.269 2.278 2.309 3.0771612376701896 3.1121612376701933 3.133161237670194 3.170161237670193 3.366161237670191 3.0781612376701943 3.245161237670189 3.683161237670191 3.1991612376701895 2.467 2.5 2.523 2.521 2.5180000000000002 2.498 2.494 2.494 2.493 2.469 2.465 3.643161237670192 2.44 2.441 2.433 2.4130000000000003 2.412 2.391 2.4010000000000002 2.384 2.4250000000000003 2.439 2.44 2.433 2.426 2.478 2.486 2.5 2.501 2.516 2.523 3.02516123767019 2.525
2.428 2.8981612376701946 2.954161237670192 2.453 2.458 2.448 2.466 2.446 2.45 2.451 2.432 2.44 2.437 2.426 2.412 2.3970000000000002 2.327 2.2800000000000002 2.311 2.819161237670194 3.2221612376701927 3.27516123767019 3.3641612376701957 3.154161237670195 3.9431612376701892 2.418 2.437 2.451 2.465 2.5 2.5060000000000002 2.516 2.5180000000000002 2.515 2.496 2.495 2.49 3.067 3.294 3.261 2.987 2.451 2.437 2.4290000000000003 2.428 2.4 2.408 2.402 2.39 2.437 2.441 2.4290000000000003 2.436 2.444 2.475 2.497 2.5060000000000002 2.52 3.1281612376701915 2.529 2.9091612376701903 2.543 2.539
